1
3
6
11
18
29
44
66
96
138
194
271
372
507
683
914
1211
1596
2086
2713
3505
4507
5762
7337
9295
11731
14741
18459
23024
28628
35470
43819
53962
66272
81155
99132
120769
146784
177969
215307
259890
313064
376325
451500
540634
646192
770946
918219
1091744
1295970
1535913
1817502
2147433
2533588
2984864
3511687
4125841
4841061
5672881
6639348
7760853
9061009
10566508
12308138
14320696
16644216
19323905
22411640
25965985
30053953
34751158
40143941
46329630
53419130
61537394
70826485
81446348
93578512
107427162
123223638
141227965
161734220
185072689
211616349
241783706
276046668
314934341
359042450
409038375
465672548
529784907
602318714
684328891
776998611
881650030
1519981
134750911
284949047
454178922
644748213
